0.9508632019291555
0.23020429635745204
0.2165326575589098
0.17527295144396182
0.10860811774451395
0.10220620727315818
0.08320030496916134
0.07762316171532516
0.027072582049764735
0.027072582049764735
0.022909938890136074
0.021218437446834475
0.018197999298943706
0.015371065128412046
0.015240996642266563
0.014859893482220825
0.01476998573787821
0.01442904406080917
0.014232001156524078
0.013551578563518064
0.013437491686107953
0.013437491686107953
0.012430693275420356
0.01115711550228426
0.009925450763828132
0.009925450763828132
