0.8705265029276774
0.7676130687633678
0.24346824227633002
0.19939051582363498
0.14275327261373325
0.12686042017448354
0.07452117079565426
0.017836199945862094
0.01549002136594536
0.014304292878450454
0.014246880034852461
0.014246880034852461
0.014241825112547103
0.013938856396980117
0.013679432412508003
0.013446376722356879
0.013007478514319479
0.01268263246864622
0.012485317636784876
0.011249948725867714
0.011228056738238934
0.011161639789056812
0.011038808297068384
0.010862595204151084
0.010862595204151084
0.010213407892566364
