0.9325541395695996
0.45883637928618176
0.2646247749914476
0.21102666906770298
0.14305825694491622
0.09157799668757288
0.09157799668757288
0.09157799668757288
0.09157799668757288
0.09157799668757288
0.09157799668757288
0.09157799668757288
0.09157799668757288
0.08480380895677973
0.08319267748565881
0.08319267748565881
0.08319267748565881
0.08319267748565881
0.08319267748565881
0.08319267748565881
0.07883312007744149
0.05116845723632372
0.048904363314113825
0.026056703947997414
0.016336724957227287
0.014459080810597866
